1623318.932,
1623319.558,
1623082.756,
1630802.124,
1630768.044,
1631141.719,
1691031.730,
1702565.792,
1691017.048,
1691182.062,
1691015.817,
1691299.747,
1690597.353,
1701628.848,
1701753.296,
1701678.866,
1715155.832,
1715156.449,
1714994.576,
1704484.031,
1704533.188,
1704599.563,
1704492.049,
1704502.531,
1704504.381,
1704420.940,
1714042.371,
1713917.431,
1714094.525,
1713652.822,
1713900.705,
1713874.692,
1713907.520,
1631209.380,
1631210.633,
1631411.262,
1631379.857,
1631409.378,
1632171.002,
1632165.363,
1632153.449,
1632197.964,
1633353.775,
1633390.029,
1633346.905,
1633393.782,
1634160.085,
1634162.588,
1634161.339,
1635953.449,
1635977.698,
1635978.317,
1635992.276,
1640106.330,
1640137.809,
1640159.572,
1639643.703,
1639624.789,
1639634.966,
1639648.652,
1639981.565,
1640061.233,
1640059.349,
1639048.175,
1639025.589,
1638978.973,
1639017.315,
1641417.338,
1641468.448,
1641414.283,
1641421.616,
1641917.322,
1641829.106,
1641828.482,
1642087.015,
1642132.714,
1645756.288,
1645730.669,
1645753.851,
1645755.679,
1645718.459,
1646082.837,
1646090.367,
1646106.058,
1646639.645,
1646657.372,
1646687.289,
1646081.142,
1646100.541,
1646094.895,
1646327.262,
1646379.567,
1646333.926,
1646336.086,
1646183.768,
1646198.166,
1646184.395,
1646185.023,
1646188.158,
1649703.489,
1649722.251,
1649692.863,
1649702.865,
1650485.380,
1650453.614,
1650498.201,
1650496.983,
1649802.249,
1649783.299,
1649783.909,
1649807.746,
1651207.792,
1651206.573,
1651149.793,
1651140.652,
1651130.235,
1650575.094,
1650611.448,
1650590.114,
1650565.080,
1650587.612,
1652162.217,
1652162.826,
1652161.606,
1652167.098,
1652144.499,
1651548.831,
1651543.951,
1651528.685,
1646097.898,
1646097.271,
1646096.643,
